638
360
304
261
243
221
227
197
198
189
191
174
190
184
181
175
184
187
169
171
157
155
147
164
161
165
157
154
159
155
162
147
158
174
153
142
143
156
160
146
150
147
141
163
136
143
147
144
144
150
161
139
145
160
140
158
146
147
144
141
128
139
146
149
146
133
131
133
141
131
151
136
131
151
146
145
139
137
140
128
146
141
132
136
134
128
146
142
134
152
138
151
143
140
124
132
125
135
134
132
152
131
133
125
127
142
134
131
127
132
126
133
120
124
129
131
119
117
127
123
126
124
126
121
131
127
130
123
125
123
133
129
124
139
131
125
132
133
134
129
130
134
130
130
138
119
123
131
131
126
129
120
122
125
125
126
126
122
116
134
124
136
131
129
120
128
125
127
123
126
128
121
122
121
124
128
128
122
134
125
137
120
125
132
120
129
127
122
129
126
131
121
123
127
125
132
126
127
115
137
126
121
127
128
126
132
125
125
129
132
128
128
125
119
127
134
128
133
127
128
131
121
122
121
125
123
123
125
126
129
122
118
121
128
125
127
121
121
129
121
119
126
121
123
126
116
124
121
127
122
129
121
121
122
119
126
124
116
120
127
125
123
118
117
119
125
129
129
122
126
129
128
130
130
127
128
129
130
127
122
126
118
125
127
115
127
126
119
119
126
114
124
123
126
121
122
123
124
124
119
125
121
116
125
126
127
128
117
121
123
121
128
121
120
125
124
125
123
123
127
125
126
132
124
124
118
121
125
120
127
124
124
124
130
124
126
126
127
126
120
122
128
119
124
124
123
133
118
121
120
119
131
128
120
122
122
123
122
118
126
116
124
125
125
125
122
127
126
120
129
126
122
124
118
123
129
127
125
133
119
125
122
118
116
119
119
126
131
124
122
129
139
130
123
130
130
126
123
124
118
123
126
127
129
124
132
123
117
130
118
127
128
125
125
126
130
133
126
123
125
120
118
124
120
124
119
116
127
122
121
126
120
122
126
127
122
120
126
126
123
130
126
127
132
130
129
122
120
122
127
122
123
123
127
117
120
121
124
121
120
120
125
125
121
123
120
123
120
125
116
121
122
127
124
122
124
124
117
124
125
118
114
121
118
112
117
118
122
117
127
119
118
120
118
120
119
118
117
114
117
114
122
120
120
123
118
121
122
126
126
121
129
123
125
124
124
123
125
129
124
121
118
121
121
128
126
120
125
121
129
126
121
124
127
120
117
120
125
120
119
119
122
124
125
126
126
121
123
126
123
122
124
124
125
127
121
126
128
123
126
120
117
121
122
118
126
122
126
122
118
122
115
117
116
124
125
120
122
121
115
122
119
123
115
121
123
121
122
126
121
119
116
117
120
123
119
120
118
123
121
123
121
115
118
118
117
121
117
122
121
120
120
117
116
116
116
119
118
117
116
125
118
122
118
120
123
117
119
119
125
122
123
124
122
125
120
126
124
123
119
122
124
121
120
122
122
126
122
123
118
120
118
126
121
123
120
122
118
120
120
120
117
123
121
120
121
120
123
120
121
120
118
119
117
117
118
121
121
126
122
119
120
120
123
119
120
121
120
123
119
117
120
112
126
125
123
120
121
121
121
122
116
117
121
117
116
120
123
115
120
122
123
122
119
119
121
120
121
120
125
122
122
121
117
121
118
125
124
122
120
127
118
122
121
119
116
122
122
123
116
115
120
114
117
113
120
115
112
115
116
118
113
112
113
114
119
116
116
115
114
113
115
117
115
112
117
117
116
119
118
119
118
115
116
120
111
117
115
112
118
123
120
115
116
122
121
119
116
118
116
114
116
119
116
112
119
113
112
111
111
117
117
120
120
121
122
119
121
123
120
120
120
120
121
118
123
119
116
123
122
123
118
116
119
117
123
116
122
120
122
124
124
121
118
119
117
123
121
121
115
117
113
115
118
118
116
118
119
115
113
113
115
116
114
116
114
116
116
117
115
115
116
117
118
117
115
117
122
122
122
120
118
119
121
122
124
119
122
120
123
122
118
118
122
112
112
110
114
113
114
117
118
119
115
120
117
119
117
117
122
122
123
124
122
121
122
116
117
114
118
121
118
119
117
117
119
117
118
120
122
121
122
122
121
117
118
120
120
117
117
115
115
118
119
122
113
118
121
118
122
118
120
121
122
118
122
119
118
123
124
121
119
117
117
120
120
121
119
123
122
120
116
121
120
120
123
121
124
116
121
121
120
119
121
118
122
122
124
121
124
121
120
118
120
121
124
120
120
122
119
118
117
122
121
118
123
122
123
124
118
118
120
117
118
120
117
118
120
116
120
119
122
121
119
120
117
119
119
122
120
117
118
123
121
121
119
119
115
117
114
115
122
120
121
121
120
121
121
122
121
121
119
118
120
117
117
119
119
117
119
118
115
115
118
119
118
119
117
114
117
117
116
116
116
115
116
117
117
116
117
116
118
117
119
117
117
114
112
117
119
118
118
121
120
118
121
122
122
114
117
120
116
118
115
116
115
114
116
118
119
121
118
118
118
119
123
121
118
119
120
119
119
120
117
118
117
121
117
117
116
116
119
121
122
120
124
122
120
117
119
121
121
124
120
118
119
117
121
123
120
119
119
118
119
120
122
121
122
120
122
123
121
120
120
120
120
121
122
123
123
126
122
121
119
119
119
116
122
121
119
120
121
120
121
120
116
119
120
118
118
119
117
115
118
119
117
117
119
122
119
120
119
120
120
120
117
120
117
118
116
119
120
121
124
121
124
121
123
124
122
123
120
123
119
120
125
124
125
124
122
121
121
118
117
117
117
119
119
116
119
117
117
119
113
115
116
117
118
116
115
117
115
117
118
119
121
120
120
120
119
119
117
117
118
120
119
118
117
121
119
119
119
116
118
119
118
117
119
121
116
118
117
119
119
117
119
120
119
118
118
116
119
119
116
116
117
120
121
120
119
119
118
119
117
118
117
117
117
117
119
119
119
120
118
118
121
121
120
116
118
117
117
116
116
117
118
119
121
119
120
121
119
119
121
121
122
120
121
117
118
119
118
119
118
118
116
115
118
116
116
115
119
121
121
120
119
120
118
118
118
120
119
117
117
118
118
117
118
118
119
121
116
118
117
115
116
119
118
118
116
115
115
115
116
114
115
115
114
114
113
116
115
117
120
118
119
119
117
120
119
118
119
121
121
119
116
116
119
118
117
117
120
120
119
120
118
119
119
116
117
116
117
115
117
117
117
116
115
116
116
118
118
118
119
118
118
117
116
116
115
119
118
118
118
119
118
116
117
118
118
118
119
117
117
117
117
119
119
120
117
118
118
118
119
119
119
118
117
118
118
119
119
119
119
119
119
118
118
119
119
119
118
122
120
120
119
120
119
119
121
120
119
118
119
118
118
118
118
120
118
117
119
119
116
118
117
117
116
118
118
119
117
116
118
115
119
119
117
117
117
119
118
117
119
118
118
119
118
117
120
119
121
118
120
119
118
119
119
118
120
120
118
120
119
119
119
119
117
117
119
119
120
121
120
122
122
120
120
120
120
118
121
120
119
118
118
119
118
119
118
118
118
119
120
121
121
122
118
118
119
120
120
121
122
123
123
122
124
121
125
123
121
121
122
121
121
121
122
122
122
120
121
122
121
120
118
121
121
117
120
120
120
121
121
120
120
119
119
120
120
120
122
122
120
120
122
120
120
118
121
121
120
122
122
122
120
119
120
122
124
124
123
122
121
121
122
122
123
124
122
121
122
123
123
122
120
118
121
121
119
120
120
120
120
120
122
121
121
120
121
120
120
119
120
122
124
122
122
123
122
121
122
121
120
119
120
120
118
120
121
121
120
120
121
123
123
121
120
122
121
121
120
119
119
120
120
120
119
120
120
120
119
121
121
121
119
118
118
118
119
119
118
120
117
120
121
121
121
121
121
121
120
121
123
122
121
120
121
118
118
119
118
119
121
120
121
122
121
122
121
121
121
121
120
120
120
122
122
121
122
123
122
122
123
122
123
121
120
120
120
120
119
119
119
120
121
121
120
121
120
121
120
123
122
120
120
120
119
120
121
123
123
122
121
121
120
119
120
121
121
120
120
121
121
119
121
121
119
121
119
119
120
119
119
119
118
118
120
122
121
120
119
118
118
118
118
119
118
119
120
120
118
117
118
118
117
119
118
118
118
118
119
119
119
118
119
118
118
119
118
120
120
120
118
118
119
118
118
117
118
118
120
120
120
119
120
120
119
120
119
123
124
118
119
117
117
118
119
119
121
120
122
121
121
118
120
119
119
118
119
119
118
118
119
119
118
119
119
118
118
120
120
120
120
119
121
118
118
121
122
123
122
122
121
123
123
123
124
124
123
125
125
124
123
120
120
121
120
120
120
120
121
121
121
121
121
122
122
121
121
121
121
122
121
121
122
122
123
123
125
123
123
124
123
122
121
122
123
124
122
124
122
120
121
124
122
121
121
121
121
121
122
122
123
122
124
122
124
124
123
122
122
123
123
123
122
123
123
124
124
124
123
124
124
123
124
125
125
124
124
124
125
123
124
125
123
124
125
125
124
125
125
124
125
125
125
125
126
125
125
123
123
122
122
123
122
123
123
122
122
121
122
122
123
122
123
122
122
122
123
123
122
122
123
123
122
122
123
123
122
122
122
122
122
122
123
122
123
123
123
122
121
121
123
123
122
123
121
121
121
121
121
120
122
123
122
122
121
121
120
122
122
121
121
121
123
121
121
121
122
122
122
121
122
122
121
121
122
122
121
122
123
123
121
121
121
121
122
122
122
122
122
122
122
122
122
122
122
123
123
123
124
124
124
124
123
123
123
124
123
124
123
123
123
122
123
123
123
123
123
123
123
123
123
122
124
124
124
125
125
125
123
124
124
124
123
123
123
123
122
124
123
121
123
123
123
123
123
122
123
122
122
123
123
123
123
124
123
122
120
121
123
122
123
123
123
123
123
123
123
123
123
123
122
122
122
122
122
122
122
122
122
122
122
122
122
122
122
122
122
122
122
123
123
122
121
121
119
120
119
120
121
121
120
121
120
120
120
119
120
121
120
121
120
120
120
119
119
119
121
120
120
119
120
119
120
120
118
118
121
120
120
120
120
120
120
120
120
120
120
119
119
119
119
119
119
119
118
120
120
120
120
118
118
118
119
118
118
118
119
120
121
121
121
119
122
121
121
122
120
120
120
119
120
120
121
121
121
120
120
121
121
121
121
121
120
120
120
120
120
120
120
120
119
120
120
120
120
120
120
120
120
120
120
120
120
120
120
120
120
120
120
120
120
120
120
122
122
122
121
120
120
120
119
119
120
120
119
119
119
119
119
119
119
119
118
118
118
118
118
118
119
119
119
119
119
119
119
119
119
118
119
118
118
118
119
119
119
119
119
119
119
119
119
119
119
119
119
119
119
119
119
119
119
119
120
119
120
121
121
121
121
121
121
120
121
120
120
120
120
121
121
121
120
120
120
119
120
120
120
120
120
120
120
120
120
120
120
120
120
120
120
120
120
121
120
121
120
121
120
120
120
120
119
120
120
120
120
120
120
120
120
120
120
120
120
120
120
120
120
120
120
120
120
120
120
120
120
120
121
120
120
121
120
120
121
120
121
121
120
120
120
121
121
119
120
121
121
121
121
121
120
121
121
120
120
121
121
122
122
121
122
122
122
121
121
121
122
121
121
121
121
119
118
119
118
117
117
118
118
118
118
120
119
119
119
119
120
120
120
120
120
120
120
120
120
120
119
120
120
120
120
121
120
120
120
120
120
120
120
120
120
120
120
120
120
120
120
120
120
120
120
120
120
120
120
120
121
121
119
121
121
121
121
121
121
120
120
120
121
120
121
121
121
120
120
119
119
119
119
119
119
119
119
119
120
121
120
120
119
120
119
119
119
119
120
119
119
119
120
120
120
120
121
121
121
121
121
121
121
121
121
121
121
120
121
121
121
121
121
121
121
121
121
121
121
121
120
119
120
120
120
121
121
121
121
121
120
121
121
120
120
120
121
120
121
121
120
120
120
119
120
119
119
119
119
119
119
120
120
119
120
119
120
120
119
120
119
120
120
120
120
120
120
120
120
120
120
120
119
120
120
120
120
121
121
121
121
121
121
121
121
121
121
121
120
120
121
121
121
121
121
121
121
121
121
120
121
121
121
120
120
121
121
120
119
119
119
119
119
119
119
119
119
119
120
120
120
120
120
120
120
120
121
121
121
121
120
120
120
120
120
120
119
120
119
120
120
120
119
120
120
120
119
119
119
119
119
119
119
119
119
119
119
119
119
119
119
119
119
119
119
119
119
119
119
120
120
120
120
120
120
120
120
121
120
120
120
120
120
120
120
120
120
120
120
120
120
120
120
120
121
121
121
121
120
120
120
120
120
120
120
120
120
120
120
120
120
120
120
120
120
120
119
119
121
120
120
121
120
121
121
121
121
121
120
120
120
120
120
120
119
120
120
120
120
120
120
120
120
120
120
120
120
120
120
120
120
120
120
120
120
120
120
120
120
120
120
120
120
120
120
120
120
121
121
120
121
121
121
121
121
121
121
121
121
121
121
121
121
121
121
121
121
121
121
121
121
121
121
121
121
121
121
121
121
121
121
120
120
120
121
121
121
120
121
121
121
121
120
120
120
120
120
120
120
120
121
121
121
121
120
120
120
120
120
120
120
120
120
120
120
121
120
120
121
121
121
121
121
121
121
121
121
121
121
121
121
121
121
121
121
121
121
121
121
121
121
121
121
121
121
120
121
120
121
121
121
120
120
120
121
121
120
120
120
120
120
121
121
121
121
121
121
121
121
121
121
121
121
